import pickle
file_path = 'mark_map.pkl'
with open(file_path, 'rb') as file:
    data = pickle.load(file)
print(data)
{'fenlei"': array([[ 0.56201766, -0.82712523,  0.        , -1.32009706],
       [ 0.82712523,  0.56201766,  0.        ,  0.12275996],
       [ 0.        ,  0.        ,  1.        ,  0.        ],
       [ 0.        ,  0.        ,  0.        ,  1.        ]]), 'yi"': array([[-0.5306495 ,  0.84759136,  0.        , -1.50452713],
       [-0.84759136, -0.5306495 ,  0.        , -0.20510032],
       [ 0.        ,  0.        ,  1.        ,  0.        ],
       [ 0.        ,  0.        ,  0.        ,  1.        ]]), 'ery"': array([[-0.51723457,  0.85584368,  0.        , -1.82971967],
       [-0.85584368, -0.51723457,  0.        ,  0.06983215],
       [ 0.        ,  0.        ,  1.        ,  0.        ],
       [ 0.        ,  0.        ,  0.        ,  1.        ]]), 'erx"': array([[ 0.85542129,  0.51793282,  0.        , -1.82841874],
       [-0.51793282,  0.85542129,  0.        ,  0.06949577],
       [ 0.        ,  0.        ,  1.        ,  0.        ],
       [ 0.        ,  0.        ,  0.        ,  1.        ]]), 'san"': array([[ 0.84170364,  0.53993979,  0.        , -2.04489934],
       [-0.53993979,  0.84170364,  0.        , -0.39951331],
       [ 0.        ,  0.        ,  1.        ,  0.        ],
       [ 0.        ,  0.        ,  0.        ,  1.        ]]), 'six"': array([[ 0.87631958,  0.4817302 ,  0.        , -2.3118069 ],
       [-0.4817302 ,  0.87631958,  0.        , -0.72808754],
       [ 0.        ,  0.        ,  1.        ,  0.        ],
       [ 0.        ,  0.        ,  0.        ,  1.        ]]), 'siy"': array([[ 0.43405594, -0.90088592,  0.        , -2.341552  ],
       [ 0.90088592,  0.43405594,  0.        , -0.78984539],
       [ 0.        ,  0.        ,  1.        ,  0.        ],
       [ 0.        ,  0.        ,  0.        ,  1.        ]]), 'wu"': array([[ 0.43882942, -0.89857039,  0.        , -1.85717744],
       [ 0.89857039,  0.43882942,  0.        , -0.96091103],
       [ 0.        ,  0.        ,  1.        ,  0.        ],
       [ 0.        ,  0.        ,  0.        ,  1.        ]]), 'liux"': array([[-0.90595552, -0.42337287,  0.        , -1.42141817],
       [ 0.42337287, -0.90595552,  0.        , -1.28685161],
       [ 0.        ,  0.        ,  1.        ,  0.        ],
       [ 0.        ,  0.        ,  0.        ,  1.        ]]), 'liuy"': array([[ 0.61284171, -0.79020569,  0.        , -1.41735305],
       [ 0.79020569,  0.61284171,  0.        , -1.28641499],
       [ 0.        ,  0.        ,  1.        ,  0.        ],
       [ 0.        ,  0.        ,  0.        ,  1.        ]]), 'qi"': array([[-0.90076359, -0.43430974,  0.        , -1.29130563],
       [ 0.43430974, -0.90076359,  0.        , -0.74832101],
       [ 0.        ,  0.        ,  1.        ,  0.        ],
       [ 0.        ,  0.        ,  0.        ,  1.        ]]), 'bax"': array([[-0.89557813, -0.44490427,  0.        , -1.02387648],
       [ 0.44490427, -0.89557813,  0.        , -0.43808178],
       [ 0.        ,  0.        ,  1.        ,  0.        ],
       [ 0.        ,  0.        ,  0.        ,  1.        ]]), 'bay"': array([[-0.53596916,  0.84423756,  0.        , -1.02211141],
       [-0.84423756, -0.53596916,  0.        , -0.44092092],
       [ 0.        ,  0.        ,  1.        ,  0.        ],
       [ 0.        ,  0.        ,  0.        ,  1.        ]]), 'Collection_B"': array([[ 0.20503197,  0.97875528,  0.        , -1.24211833],
       [-0.97875528,  0.20503197,  0.        , -1.89921278],
       [ 0.        ,  0.        ,  1.        ,  0.        ],
       [ 0.        ,  0.        ,  0.        ,  1.        ]]), 'Classification_area"': array([[ 0.20656103,  0.97843372,  0.        , -1.24211833],
       [-0.97843372,  0.20656103,  0.        , -1.89921278],
       [ 0.        ,  0.        ,  1.        ,  0.        ],
       [ 0.        ,  0.        ,  0.        ,  1.        ]]), 'Sorting_N"': array([[ 0.20656103,  0.97843372,  0.        , -1.24211833],
       [-0.97843372,  0.20656103,  0.        , -1.89921278],
       [ 0.        ,  0.        ,  1.        ,  0.        ],
       [ 0.        ,  0.        ,  0.        ,  1.        ]]), 'Collection_C"': array([[-0.99418708,  0.10766638,  0.        , -2.99575703],
       [-0.10766638, -0.99418708,  0.        , -1.05022257],
       [ 0.        ,  0.        ,  1.        ,  0.        ],
       [ 0.        ,  0.        ,  0.        ,  1.        ]]), 'Sorting_W"': array([[-0.9943541 ,  0.10611283,  0.        , -2.99575703],
       [-0.10611283, -0.9943541 ,  0.        , -1.05022257],
       [ 0.        ,  0.        ,  1.        ,  0.        ],
       [ 0.        ,  0.        ,  0.        ,  1.        ]]), 'Collection_D"': array([[-0.23445802, -0.97212624,  0.        , -2.13707344],
       [ 0.97212624, -0.23445802,  0.        ,  0.70348361],
       [ 0.        ,  0.        ,  1.        ,  0.        ],
       [ 0.        ,  0.        ,  0.        ,  1.        ]])}
